>vhbWGCGTGM	AHR.H14CORE.0.P.B	4.45976
0.17547357926221335	0.30608175473579263	0.39082751744765704	0.12761714855433698
0.18743768693918245	0.36191425722831505	0.15154536390827517	0.29910269192422734
0.1016949152542373	0.13260219341974078	0.37587238285144564	0.3898305084745763
0.11764705882352941	0.058823529411764705	0.09072781655034895	0.732801595214357
0.007976071784646061	0.06679960119641076	0.8414755732801595	0.08374875373878365
0.0029880329072662255	0.9820668155214994	0.001	0.012948142598153644
0.00897308075772682	0.0019940179461615153	0.9830508474576272	0.005982053838484547
0.0019900299102691924	0.001	0.001	0.9960099700897308
0.001	0.001	0.9960029910269192	0.001
0.14755732801595214	0.7477567298105683	0.007976071784646061	0.0967098703888335
>bYKCGTGMvWd	AHRR.H14CORE.0.P.C	4.77995
0.07285429141716566	0.14171656686626746	0.27045908183632733	0.5149700598802395
0.11676646706586827	0.1317365269461078	0.07085828343313373	0.6806387225548902
0.029940119760479042	0.0968063872255489	0.7465069860279441	0.12674650698602793
0.014970059880239521	0.9481037924151696	0.00499001996007984	0.031936127744510975
0.08782435129740519	0.012974051896207584	0.8942115768463074	0.00499001996007984
0.003984023960071864	0.001	0.001	0.9930179720479122
0.001	0.001	0.9591556886227545	0.03884431137724551
0.24451097804391217	0.6207584830339321	0.00499001996007984	0.12974051896207583
0.1656686626746507	0.4241516966067864	0.3223552894211577	0.08782435129740519
0.6467065868263473	0.03592814371257485	0.1217564870259481	0.19560878243512975
0.29141716566866266	0.15868263473053892	0.3872255489021956	0.1626746506986028
>nvbTAATTRRRTTAvnnnnn	ALX1.H14CORE.0.SM.B	2.14241
0.2287719298245614	0.3162105263157895	0.30147368421052634	0.15354385964912282
0.21228070175438596	0.24736842105263157	0.3983859649122807	0.14196491228070177
0.06947368421052631	0.44996491228070173	0.22778947368421051	0.2527719298245614
0.021333333333333333	0.03326315789473684	0.0032280701754385964	0.9421754385964912
0.9746030944974398	0.001	0.02271409887909441	0.0014021048690799017
0.997	0.001	0.001	0.001
0.001	0.011205598265326236	0.001	0.9860926473487089
0.001	0.16110189473684208	0.012618947368421052	0.8252791578947369
0.6249824561403509	0.05712280701754386	0.16729824561403508	0.15059649122807017
0.4512280701754386	0.060491228070175436	0.48673684210526313	0.001543859649122807
0.784140350877193	0.04743859649122807	0.12028070175438596	0.04814035087719298
0.008140350877192983	0.0263859649122807	0.021333333333333333	0.944140350877193
0.04042105263157895	0.07101754385964912	0.017543859649122806	0.8710175438596491
0.8864561403508772	0.019087719298245615	0.04926315789473684	0.045192982456140354
0.3643508771929825	0.18778947368421053	0.3487719298245614	0.09908771929824561
0.14666666666666667	0.296140350877193	0.20392982456140352	0.35326315789473683
0.1647719298245614	0.23971929824561403	0.263719298245614	0.3317894736842105
0.2209122807017544	0.2888421052631579	0.2941754385964912	0.19607017543859648
0.21536842105263157	0.28933333333333333	0.29747368421052633	0.19782456140350876
0.20364912280701755	0.2872982456140351	0.29333333333333333	0.21571929824561403
>nvvYTAATTRvn	ALX3.H14CORE.0.SM.B	3.3860099999999997
0.27762316437707246	0.23546305068687826	0.2596222169587873	0.22729156797726197
0.23395310279488393	0.42047607768829937	0.20671482709616296	0.13885599242065372
0.21506395073424917	0.3028185693983894	0.44860255802937	0.03351492183799147
0.023211747986736146	0.46589294173377543	0.12292752250118427	0.3879677877783041
0.001	0.001	0.001	0.997
0.997	0.001	0.001	0.001
0.997	0.001	0.001	0.001
0.001	0.001	0.001	0.997
0.001	0.016799851910474416	0.012895660973533177	0.9689492052590526
0.6072951207958314	0.027593557555660824	0.3498342018000947	0.015277119848413075
0.14853742302226433	0.3232176693510185	0.4089590241591663	0.11928588346755092
0.1961747986736144	0.2757579346281383	0.3103387020369493	0.21772856466129797
>nnvbTAATTARvKYRnnnnn	ALX3.H14CORE.1.S.B	2.28441
0.2330901856763926	0.2954244031830239	0.2874668435013263	0.1840185676392573
0.2521551724137931	0.33504641909814326	0.2594496021220159	0.15334880636604775
0.20755968169761274	0.276525198938992	0.3720159151193634	0.14389920424403183
0.08819628647214854	0.41379310344827586	0.15915119363395225	0.33885941644562334
0.011936339522546418	0.028514588859416445	0.007294429708222812	0.9522546419098143
0.9940291777188329	0.001	0.003970822281167108	0.001
0.997	0.001	0.001	0.001
0.001	0.001	0.001	0.997
0.001	0.005956233421750663	0.001	0.9920437665782493
0.8527851458885941	0.016578249336870028	0.11140583554376658	0.019230769230769232
0.4708222811671088	0.05968169761273209	0.4661803713527852	0.0033156498673740055
0.5855437665782494	0.14588859416445624	0.15185676392572944	0.11671087533156499
0.03978779840848806	0.0709549071618037	0.08554376657824933	0.8037135278514589
0.10411140583554376	0.11803713527851459	0.0603448275862069	0.7175066312997348
0.7400530503978779	0.08687002652519894	0.10079575596816977	0.07228116710875332
0.3096816976127321	0.20954907161803712	0.28514588859416445	0.1956233421750663
0.17904509283819628	0.28978779840848806	0.2486737400530504	0.28249336870026526
0.1856763925729443	0.27586206896551724	0.3083554376657825	0.23010610079575597
0.19048408488063662	0.3111737400530504	0.3171419098143236	0.1812002652519894
0.1836870026525199	0.3116710875331565	0.29708222811671087	0.20755968169761274
>vvbTAATTRRATTAvbnnnn	ALX4.H14CORE.0.S.B	0.7499100000000001
0.22066487681617183	0.19855495893872394	0.42454990524320907	0.15623025900189513
0.1989102969046115	0.16653506001263424	0.5030795957043588	0.13147504737839547
0.06001263423878711	0.3875552747946936	0.28695514845230574	0.2654769425142135
0.015792798483891344	0.027795325331648767	0.002526847757422615	0.9538850284270373
0.9757754537584464	0.001	0.021592834302197893	0.001
0.997	0.001	0.001	0.001
0.001	0.001	0.001	0.9960524320909665
0.001	0.15003932406822487	0.006626342387871131	0.842334333543904
0.602337334175616	0.06601389766266583	0.17624763108022742	0.15540113708149084
0.44538487049905245	0.036287113076437144	0.5173280164245104	0.001
0.8766582438408086	0.015161086544535692	0.06727732154137714	0.040903348073278584
0.001	0.016408075530705914	0.00867734763643101	0.9732828648935073
0.03395451674036639	0.049589387239418824	0.006317119393556538	0.9101389766266582
0.9444093493367025	0.006948831332912192	0.02795325331648768	0.020688566013897663
0.3556538218572331	0.18240682248894505	0.3806064434617814	0.08133291219204043
0.14987365761212887	0.25994946304485156	0.20056854074542008	0.38960833859759947
0.15224257738471256	0.2323120656980417	0.2539481996209728	0.3614971572962729
0.23910296904611497	0.3559696778269109	0.22252053063802907	0.18240682248894505
0.21336070751737207	0.3730259001895136	0.22283638660770688	0.19077700568540745
0.20692514213518637	0.3482706885660139	0.2212965887555275	0.22350758054327227
>nvvYTAATTRvnn	ALX4.H14CORE.1.SM.B	3.97021
0.33361702127659576	0.16680851063829788	0.2348936170212766	0.26468085106382977
0.32159574468085106	0.37648936170212766	0.2003191489361702	0.10159574468085106
0.22851063829787235	0.2902127659574468	0.4229787234042553	0.05829787234042553
0.004680851063829788	0.4736170212765957	0.07021276595744681	0.45148936170212767
0.001	0.001	0.001	0.9961489361702127
0.997	0.001	0.001	0.001
0.997	0.001	0.001	0.001
0.001	0.002123404255319149	0.001	0.9958765957446809
0.002553191489361702	0.09319148936170213	0.05574468085106383	0.8485106382978723
0.6463829787234042	0.03021276595744681	0.31106382978723407	0.012340425531914894
0.19276595744680852	0.32851063829787236	0.35106382978723405	0.1276595744680851
0.16382978723404254	0.26	0.29829787234042554	0.27787234042553194
0.22606382978723405	0.1971276595744681	0.17968085106382978	0.3971276595744681
>dKnWCWbnvTGTWCYbd	ANDR.H14CORE.0.P.B	3.06911
0.416	0.018	0.334	0.232
0.12	0.018	0.732	0.13
0.273	0.25	0.248	0.229
0.776	0.051	0.066	0.107
0.004	0.948	0.026	0.022
0.669	0.03	0.079	0.222
0.121	0.266	0.34	0.273
0.309	0.201	0.228	0.262
0.264	0.34	0.281	0.115
0.021	0.019	0.003	0.957
0.002	0.002	0.995	0.001
0.007992	0.002997	0.001	0.988011
0.126	0.091	0.094	0.689
0.006993	0.978021	0.001	0.013986
0.004	0.511	0.002	0.483
0.162	0.252	0.183	0.403
0.167	0.128	0.31	0.395
>dTGTTCbn	ANDR.H14CORE.1.S.C	5.61751
0.3273890655762532	0.15246857489020144	0.35283204603967894	0.16731031349386644
0.016015447523852793	0.11930183250037861	0.014198091776465242	0.8504846281993034
0.03634711494775102	0.001817355747387551	0.9571406936241103	0.004694835680751174
0.001	0.001	0.001	0.997
0.31483174314705437	0.001	0.001	0.6831682568529457
0.001	0.997	0.001	0.001
0.12782068756625775	0.4826593972436771	0.15886718158412844	0.2306527336059367
0.18101620475541422	0.31035135544449494	0.15784491897622294	0.35078752082386794
>WKYhYhbnnnTRTTTRYhb	ANDR.H14CORE.2.P.B	4.3278099999999995
0.14442231075697212	0.07868525896414343	0.10956175298804781	0.6673306772908366
0.07071713147410359	0.07768924302788845	0.75199203187251	0.099601593625498
0.087898406374502	0.09985059760956175	0.05303784860557769	0.7592131474103586
0.17654382470119523	0.19945219123505975	0.14965139442231076	0.4743525896414343
0.07395418326693227	0.737300796812749	0.03710159362549801	0.15164342629482072
0.10383466135458168	0.38471115537848605	0.050049800796812746	0.4614043824701195
0.1735557768924303	0.2133964143426295	0.2124003984063745	0.4006474103585657
0.18351593625498008	0.22435258964143426	0.2482569721115538	0.3438745019920319
0.2014442231075697	0.20941235059760957	0.26518924302788843	0.32395418326693226
0.1974601593625498	0.31499003984063745	0.1526394422310757	0.33491035856573703
0.06200199203187251	0.021165338645418325	0.033117529880478086	0.8837151394422311
0.1825199203187251	0.05204183266932271	0.7562250996015937	0.009213147410358566
0.033117529880478086	0.04805776892430279	0.017181274900398405	0.9016434262948207
0.017181274900398405	0.025149402390438245	0.1436752988047809	0.8139940239043825
0.020169322709163346	0.014193227091633466	0.1078187250996016	0.8578187250996016
0.38869521912350596	0.06797808764940239	0.5022410358565738	0.041085657370517926
0.06399402390438247	0.640687250996016	0.041085657370517926	0.25423306772908366
0.3269422310756972	0.1825199203187251	0.06499003984063745	0.42554780876494025
0.08391434262948207	0.28710159362549803	0.1715637450199203	0.4574203187250996
>nbGCCTSAGGSvRhn	AP2A.H14CORE.0.PSM.A	2.64411
0.26273708635996773	0.14399213075060532	0.2501261097659403	0.3431446731234867
0.16063861985472155	0.24962167070217917	0.1660865617433414	0.42365314769975787
0.01533494753833737	0.0991727199354318	0.8751008878127522	0.010391444713478611
0.001	0.9963946731234867	0.001	0.001
0.001	0.9839037558565014	0.001	0.013995356330746387
0.001	0.13142605714742028	0.03043762979947923	0.836430098363835
0.031174334140435835	0.4152542372881356	0.5144269572235673	0.03914447134786118
0.7427991113316621	0.021467599825460516	0.23402707415361185	0.001
0.044402542372881354	0.001	0.9535974576271187	0.001
0.001	0.001	0.9968991121872478	0.001
0.0057506053268765135	0.4601493139628733	0.5271388216303471	0.0069612590799031475
0.1471953188054883	0.42645278450363194	0.30609362389023403	0.12025827280064569
0.6187449556093624	0.04509685230024213	0.1859362389023406	0.1502219531880549
0.2214235270379338	0.19529358353510895	0.11367534301856336	0.46960754640839386
0.26082021791767557	0.17193805488297015	0.34375	0.2234917271993543
>ddnSCCYvRGGSndhdhn	AP2B.H14CORE.0.SM.B	4.47821
0.5505789152955515	0.11893154580540322	0.15742433475523054	0.17306520414381474
0.35214808043875684	0.13083993499898436	0.15816067438553727	0.3588513101767215
0.29128580134064597	0.2500507820434694	0.17865122892545196	0.2800121876904327
0.03605525086329474	0.2606134470851107	0.6692057688401382	0.03412553321145643
0.015843997562461912	0.9446475726183221	0.01990656104001625	0.019601868779199675
0.014726792606134471	0.8949827341052204	0.019601868779199675	0.07068860450944546
0.016554946171033924	0.25116798699979687	0.1116189315458054	0.6206581352833638
0.10654072719886248	0.37771683932561445	0.41976437131830185	0.09597806215722121
0.5809465772902701	0.07789965468210441	0.33597399959374363	0.005179768433881779
0.06388381068454195	0.00192971765183831	0.931850497664026	0.0023359739995937436
0.008023562868169815	0.004976640260004063	0.9812106439163112	0.00578915295551493
0.02569571399553118	0.4663822872232379	0.4699370302660979	0.03798496851513305
0.2039406865732277	0.3256144627259801	0.2730042656916514	0.19744058500914077
0.5640869388584197	0.09150924233191143	0.1719479991874873	0.1724558196221816
0.2595978062157221	0.14868982327848873	0.10816575258988421	0.4835466179159049
0.2890513914279911	0.11019703432866139	0.18017469022953483	0.4205768840138127
0.22072415193987405	0.17887974812106439	0.1470901889092017	0.45330591102985984
0.25736339630306726	0.2027219175299614	0.2176518383099736	0.32226284785699777
>nndWnSCCTSRGGSn	AP2C.H14CORE.0.PSM.A	3.6446099999999997
0.3680935660435815	0.1542135701745327	0.2364194980894351	0.2412733656924507
0.3413972942269958	0.18152948466384386	0.15777651554270372	0.3192967055664567
0.570174532686151	0.058039863678612	0.15584013219043685	0.21594547144480017
0.234534751626562	0.08137973768460188	0.057420221005886604	0.6266652896829495
0.17577197149643706	0.295672828668801	0.23391510895383663	0.29464009088092535
0.006609521842404213	0.31756686977176496	0.6703500981100898	0.005473510275740989
0.001	0.9958639884333368	0.001	0.001
0.001	0.9968967262212124	0.001	0.001
0.001	0.20138876330076655	0.009491683516224652	0.7878097318466462
0.055458019208922855	0.42445523081689557	0.46204688629556956	0.058039863678612
0.6294536817102138	0.08292884436641537	0.28255705876278014	0.005060415160590726
0.08096664256945162	0.0060931529484663845	0.9083961582154291	0.004544046266652897
0.010017556542393885	0.008158628524217702	0.9728389961788702	0.008984818754518228
0.036378188577920065	0.4859289476401942	0.4226221212434163	0.05507074253846948
0.20107404729939068	0.3142621088505628	0.26128266033254155	0.2233811835175049
>ndbGCCTSAGGSbRhn	AP2E.H14CORE.0.SM.B	2.23541
0.30343702960361263	0.2079026593075765	0.2296788760662318	0.25898143502257903
0.2764676367285499	0.10597089814350226	0.19026593075765177	0.42729553437029605
0.150627195183141	0.1921726041144004	0.15223281485198192	0.5049673858504766
0.018866031108881083	0.1603612644254892	0.8063221274460612	0.01445057701956849
0.001	0.9961971901655795	0.001	0.001
0.001	0.9881832590863604	0.001	0.008813228620614138
0.001	0.09864797091327182	0.001	0.8978467606471898
0.0537882589061716	0.4429503261414952	0.43351731058705467	0.06974410436527848
0.8547387287951113	0.0035087796748567786	0.1404514378421242	0.001
0.06639971912941404	0.001	0.9309981734947707	0.001
0.001	0.001	0.9955950827897642	0.001
0.017059708981435023	0.32724535875564476	0.6489713998996488	0.00672353236327145
0.12092323130958355	0.5886603110888108	0.12965378825890617	0.16076266934269945
0.5742097340692424	0.059106874059207226	0.2806823883592574	0.08600100351229302
0.25140491721023583	0.20995985950827897	0.07368289011540391	0.4649523331660813
0.31455092824887104	0.15258404415454088	0.3017059708981435	0.23115905669844455
>nvhTAATTARvYYMn	ARGFX.H14CORE.0.SM.B	1.66841
0.22762073027090696	0.33127208480565373	0.20524146054181389	0.23586572438162545
0.3542402826855124	0.22938751472320376	0.30712603062426386	0.10924617196702002
0.08480565371024736	0.48056537102473496	0.07891637220259129	0.35571260306242636
0.002353356890459364	0.001176678445229682	0.001	0.9954699646643109
0.9968244994110719	0.0011755005889281507	0.001	0.001
0.997	0.001	0.001	0.001
0.001	0.0011755005889281507	0.001	0.9968244994110719
0.001	0.001	0.001	0.997
0.9210836277974087	0.007067137809187279	0.06831566548881036	0.0035335689045936395
0.4299175500588928	0.10365135453474676	0.4558303886925795	0.01060070671378092
0.5653710247349824	0.23910482921083628	0.1166077738515901	0.07891637220259129
0.050647820965842166	0.2497055359246172	0.0800942285041225	0.6195524146054181
0.10011778563015312	0.12603062426383982	0.09069493521790342	0.6831566548881036
0.673733804475854	0.13427561837455831	0.0624263839811543	0.12956419316843346
0.3875147232037691	0.17196702002355713	0.24028268551236748	0.20023557126030625
>WTTTATKRShh	ARI1A.H14CORE.0.P.C	4.22864
0.07892107892107893	0.03896103896103896	0.07692307692307693	0.8051948051948052
0.001998001998001998	0.007992007992007992	0.003996003996003996	0.986013986013986
0.005994005994005994	0.022977022977022976	0.005994005994005994	0.965034965034965
0.04495504495504495	0.06893106893106893	0.017982017982017984	0.8681318681318682
0.964035964035964	0.016983016983016984	0.013986013986013986	0.004995004995004995
0.017982017982017984	0.013986013986013986	0.005994005994005994	0.962037962037962
0.1706581708291708	0.001	0.2854282857142857	0.5419145424575423
0.2517482517482518	0.01998001998001998	0.6653346653346653	0.06293706293706294
0.024975024975024976	0.3386613386613387	0.4925074925074925	0.14385614385614387
0.26573426573426573	0.3306693306693307	0.1088911088911089	0.2947052947052947
0.2047952047952048	0.18181818181818182	0.12287712287712288	0.4905094905094905
>vdACGTGMb	ARNT.H14CORE.0.P.B	4.86528
0.201	0.263	0.481	0.055
0.129	0.067	0.271	0.533
0.824	0.014	0.159	0.003
0.003	0.973	0.002	0.022
0.010988999999999999	0.003996	0.984015	0.001
0.000999	0.001	0.000999	0.9970019999999999
0.001	0.001	0.9970019999999999	0.000998
0.322	0.538	0.055	0.085
0.167	0.43	0.202	0.201
>vdACGTGhbnvnnnbSvbv	ARNT.H14CORE.1.P.B	4.46791
0.18981018981018982	0.24675324675324675	0.5064935064935064	0.056943056943056944
0.12787212787212787	0.06693306693306693	0.28471528471528473	0.5204795204795205
0.7852147852147852	0.027972027972027972	0.18181818181818182	0.004995004995004995
0.00999000999000999	0.939060939060939	0.005994005994005994	0.04495504495504495
0.03992007992007992	0.001996003996003996	0.9570839160839161	0.001
0.001994001998001998	0.001	0.001	0.995006997002997
0.001	0.001	0.996000999000999	0.001
0.33766233766233766	0.4755244755244755	0.060939060939060936	0.1258741258741259
0.14285714285714285	0.44955044955044954	0.23476523476523475	0.17282717282717283
0.2177822177822178	0.21978021978021978	0.2217782217782218	0.34065934065934067
0.2127872127872128	0.2087912087912088	0.4145854145854146	0.16383616383616384
0.21678321678321677	0.2727272727272727	0.2827172827172827	0.22777222777222778
0.1918081918081918	0.2937062937062937	0.34465534465534464	0.16983016983016982
0.2177822177822178	0.17182817182817184	0.3916083916083916	0.21878121878121878
0.11188811188811189	0.25074925074925075	0.4275724275724276	0.2097902097902098
0.1018981018981019	0.6403596403596403	0.14885114885114886	0.1088911088911089
0.4975024975024975	0.17682317682317683	0.21478521478521478	0.1108891108891109
0.12987012987012986	0.48451548451548454	0.2007992007992008	0.1848151848151848
0.3096903096903097	0.14085914085914086	0.4565434565434565	0.09290709290709291
>dCGTGMbhdSvvd	ARNT2.H14CORE.0.P.B	5.11091
0.44388270980788674	0.09403437815975733	0.21941354903943378	0.24266936299292213
0.014155712841253791	0.7462082912032356	0.019211324570273004	0.2204246713852376
0.033367037411526794	0.046511627906976744	0.9079878665318504	0.012133468149646108
0.0010111223458038423	0.004044489383215369	0.007077856420626896	0.9878665318503539
0.0010111223458038423	0.003033367037411527	0.9898887765419616	0.006066734074823054
0.43073811931243683	0.45601617795753285	0.043478260869565216	0.06976744186046512
0.09504550050556117	0.5237613751263903	0.11830131445904954	0.26289180990899896
0.13043478260869565	0.2750252780586451	0.09908998988877654	0.4954499494438827
0.20222446916076844	0.10212335692618807	0.3518705763397371	0.3437815975733064
0.05965621840242669	0.21435793731041455	0.6127401415571284	0.11324570273003033
0.3326592517694641	0.3822042467138524	0.22143579373104147	0.06370070778564206
0.4661274014155713	0.22143579373104147	0.16177957532861476	0.1506572295247725
0.1435793731041456	0.12537917087967643	0.24570273003033366	0.48533872598584427
>nRbRCGTGMbb	ARNT2.H14CORE.1.P.B	5.03906
0.20658682634730538	0.2774451097804391	0.3323353293413174	0.18363273453093812
0.17564870259481039	0.1497005988023952	0.6367265469061876	0.03792415169660679
0.1317365269461078	0.2085828343313373	0.3962075848303393	0.2634730538922156
0.6007984031936128	0.017964071856287425	0.25249500998003993	0.12874251497005987
0.01595207985627147	0.9740738762235768	0.001	0.007976039928135736
0.008982035928143712	0.003992015968063872	0.9750499001996008	0.011976047904191617
0.001	0.001	0.001992015968063872	0.996007984031936
0.001992007984031936	0.001	0.9940119840319361	0.001
0.26746506986027946	0.5958083832335329	0.05389221556886228	0.08283433133732535
0.05788423153692615	0.47005988023952094	0.22654690618762474	0.24550898203592814
0.09081836327345309	0.3842315369261477	0.21656686626746507	0.3083832335329341
>ndCACGTGAYnn	ARNT2.H14CORE.2.S.C	1.1859600000000001
0.2610062893081761	0.2874446773817843	0.24190542744001864	0.20964360587002095
0.12796995108315862	0.10106568832983927	0.4469776380153739	0.32398672257162825
0.001	0.997	0.001	0.001
0.997	0.001	0.001	0.001
0.001	0.997	0.001	0.001
0.001	0.001	0.997	0.001
0.001	0.001	0.001	0.997
0.001	0.001	0.997	0.001
0.997	0.001	0.001	0.001
0.025739576054041462	0.6107617051013278	0.13289075238760772	0.23060796645702306
0.24234218495224785	0.31373747961798276	0.15813533659445608	0.2857849988353133
0.25200908455625437	0.27530281854181227	0.21776729559748428	0.2549208013044491
>dhTAATYWAATTARbnnn	ARX.H14CORE.0.S.B	0.10601
0.4298309004191357	0.16302933949992773	0.19843908079202197	0.2087006792889146
0.1468058968058968	0.2650310738546033	0.1426145396733632	0.44554848966613675
0.039601098424627834	0.01329671917907212	0.008816302933949994	0.9382858794623501
0.9300476947535771	0.008816302933949994	0.048850990027460614	0.012285012285012284
0.937129643011996	0.016042780748663103	0.043358866888278655	0.003468709351062292
0.03353085706026882	0.06099147275617864	0.036855036855036855	0.8686226333285156
0.001	0.5026039142425077	0.0271443653770731	0.4685290725989479
0.16375198728139906	0.14929903165197284	0.05448764272293684	0.6324613383436913
0.8348627877698647	0.001	0.16241456444866403	0.001
0.9962773522185286	0.001	0.001	0.001
0.001	0.001	0.001	0.997
0.001	0.002740569446451799	0.001	0.9952594305535482
0.9825398225732015	0.001	0.01516042341957181	0.0010106948946381207
0.3623355976297153	0.08772944067061714	0.5395288336464807	0.010406128053186877
0.0901864431276196	0.3381991617285735	0.16837693308281543	0.4032374620609915
0.18095100448041623	0.22936840583899407	0.24598930481283424	0.34369128486775546
0.372091342679578	0.21975719034542565	0.19056221997398468	0.2175892470010117
0.3241436623789565	0.21430119959531724	0.208664546899841	0.25289059112588524
>nnYRATTARbbn	ARX.H14CORE.1.SM.B	4.685309999999999
0.24483733271804337	0.2726407475772958	0.25060567604983847	0.23191624365482233
0.11813567143516382	0.3111444393170282	0.29649284725426855	0.2742270419935395
0.04730041532071989	0.34702353484079373	0.06322104291647439	0.542455006922012
0.7418089524688509	0.05537609598523304	0.19923857868020303	0.0035763728657129674
0.997	0.001	0.001	0.001
0.001	0.001	0.001	0.997
0.001	0.001	0.001	0.997
0.997	0.001	0.001	0.001
0.25772958006460545	0.07856483617904937	0.66047531149054	0.003230272265805261
0.07245039224734656	0.3767881864328565	0.30018458698661743	0.2505768343331795
0.11389593908629442	0.21738001845869867	0.38731541301338257	0.28140862944162437
0.23223350253807107	0.24596215966774343	0.2236963544070143	0.2981079833871712
>nvCAKCTGYhn	ASCL1.H14CORE.0.PSM.A	4.25361
0.2779793836120753	0.2064531397917324	0.31290102030083095	0.2026664562953613
0.3252603344903755	0.26909119596087094	0.314952140528032	0.09069632902072157
0.02861049752813716	0.9151151782896813	0.021983801409487747	0.0342905227726938
0.9615020511202272	0.008520037866834964	0.004207426107078994	0.025770484905858843
0.001	0.12882862543710008	0.6501327125443215	0.21982829071322457
0.001	0.9964740717366152	0.001	0.001
0.001	0.001	0.001	0.9968948143473231
0.001472599137477648	0.005890396549910592	0.9830651099190071	0.009571894393604712
0.018512674871147574	0.7450299779110129	0.03134532449773851	0.20511202272010098
0.1096560429157463	0.30056800252445565	0.10145156200694225	0.4883243925528558
0.2269643420637425	0.2939676028189755	0.224860629010203	0.25420742610707897
>vCASCTGCY	ASCL2.H14CORE.0.PSM.A	3.46001
0.3085539714867617	0.3258655804480652	0.32179226069246436	0.04378818737270876
0.0020346232179226068	0.9949307535641548	0.001	0.0020346232179226068
0.9877800407331976	0.007128309572301426	0.0010183299389002036	0.004073319755600814
0.008146639511201629	0.2983706720977597	0.6323828920570265	0.06109979633401222
0.003054989816700611	0.9816700610997964	0.012219959266802444	0.003054989816700611
0.0040692464358452135	0.0040692464358452135	0.001	0.9908615071283096
0.004073319755600814	0.012219959266802444	0.9786150712830958	0.0050916496945010185
0.0050916496945010185	0.8716904276985743	0.0274949083503055	0.09572301425661914
0.12932790224032586	0.3258655804480652	0.010183299389002037	0.5346232179226069
>dRTGACGYvv	ATF1.H14CORE.0.P.B	4.90768
0.3149847094801223	0.15392456676860347	0.3761467889908257	0.15494393476044852
0.38022426095820594	0.08970438328236494	0.5158002038735984	0.014271151885830785
0.04994903160040775	0.11416921508664628	0.0254841997961264	0.8103975535168195
0.01834862385321101	0.017329255861365953	0.9337410805300713	0.03058103975535168
0.926605504587156	0.0163098878695209	0.04281345565749235	0.014271151885830785
0.017329255861365953	0.9123343527013251	0.019367991845056064	0.0509683995922528
0.03363914373088685	0.014271151885830785	0.90927624872579	0.04281345565749235
0.06320081549439348	0.3659531090723751	0.05198776758409786	0.5188583078491336
0.3241590214067278	0.42099898063200814	0.17329255861365953	0.08154943934760449
0.5259938837920489	0.15494393476044852	0.19775739041794088	0.12130479102956167
>SCSMbbnvhdRTGACGYMv	ATF1.H14CORE.1.P.B	3.60071
0.017699115044247787	0.1415929203539823	0.7256637168141593	0.11504424778761062
0.02654867256637168	0.8141592920353983	0.08849557522123894	0.07079646017699115
0.02654867256637168	0.1504424778761062	0.7433628318584071	0.07964601769911504
0.13274336283185842	0.7345132743362832	0.061946902654867256	0.07079646017699115
0.168141592920354	0.25663716814159293	0.39823008849557523	0.17699115044247787
0.10619469026548672	0.4247787610619469	0.26548672566371684	0.20353982300884957
0.26548672566371684	0.25663716814159293	0.23893805309734514	0.23893805309734514
0.13274336283185842	0.40707964601769914	0.336283185840708	0.12389380530973451
0.19469026548672566	0.26548672566371684	0.04424778761061947	0.49557522123893805
0.19469026548672566	0.1504424778761062	0.4247787610619469	0.23008849557522124
0.6194690265486725	0.07964601769911504	0.22123893805309736	0.07964601769911504
0.02654867256637168	0.07079646017699115	0.04424778761061947	0.8584070796460177
0.04420353982300885	0.001	0.8221858407079645	0.13261061946902655
0.9026548672566371	0.017699115044247787	0.061946902654867256	0.017699115044247787
0.017699115044247787	0.9469026548672567	0.008849557522123894	0.02654867256637168
0.035398230088495575	0.02654867256637168	0.9292035398230089	0.008849557522123894
0.04420353982300885	0.24753982300884955	0.001	0.7072566371681416
0.336283185840708	0.5752212389380531	0.061946902654867256	0.02654867256637168
0.6460176991150443	0.13274336283185842	0.13274336283185842	0.08849557522123894
>nRTGAYGTCAY	ATF2.H14CORE.0.PSM.A	1.27664
0.29357798165137616	0.08664627930682976	0.5331294597349643	0.08664627930682976
0.6503567787971458	0.009174311926605505	0.33537206931702346	0.0050968399592252805
0.0030581039755351682	0.0010193679918450561	0.0020387359836901123	0.9938837920489296
0.0010193679918450561	0.0010193679918450561	0.9887869520897044	0.009174311926605505
0.9908256880733946	0.0010193679918450561	0.0010193679918450561	0.007135575942915392
0.0010193679918450561	0.6554536187563711	0.03567787971457696	0.30784913353720694
0.0010193679918450561	0.0030581039755351682	0.9949031600407747	0.0010193679918450561
0.0061162079510703364	0.012232415902140673	0.0020387359836901123	0.9796126401630989
0.2018348623853211	0.7869520897043832	0.007135575942915392	0.004077471967380225
0.9673802242609582	0.0030581039755351682	0.0163098878695209	0.013251783893985729
0.029561671763506627	0.2691131498470948	0.1712538226299694	0.5300713557594292
>dATGAYGTCAT	ATF2.H14CORE.1.P.B	1.6767599999999998
0.35294117647058826	0.10243407707910751	0.39148073022312374	0.15314401622718052
0.7991886409736308	0.006085192697768763	0.18661257606490872	0.008113590263691683
0.008113590263691683	0.007099391480730223	0.002028397565922921	0.9827586206896551
0.009127789046653144	0.002028397565922921	0.9685598377281948	0.02028397565922921
0.9888438133874239	0.0030425963488843813	0.006085192697768763	0.002028397565922921
0.006085192697768763	0.2565922920892495	0.04969574036511156	0.6876267748478702
0.008113590263691683	0.0010141987829614604	0.9827586206896551	0.008113590263691683
0.014198782961460446	0.008113590263691683	0.0010141987829614604	0.9766734279918864
0.16227180527383367	0.8245436105476673	0.010141987829614604	0.0030425963488843813
0.9807302231237323	0.0030425963488843813	0.010141987829614604	0.006085192697768763
0.013184584178498986	0.12271805273833672	0.060851926977687626	0.8032454361054767
>nvRTGACTCA	ATF3.H14CORE.0.P.B	3.6284300000000003
0.18423973362930077	0.21975582685904552	0.32852386237513875	0.26748057713651496
0.16648168701442842	0.17314095449500555	0.5416204217536071	0.11875693673695893
0.44728079911209767	0.18091009988901222	0.3607103218645949	0.011098779134295227
0.0022197558268590455	0.0022197558268590455	0.0011098779134295228	0.9944506104328524
0.0011098779134295228	0.00776914539400666	0.9800221975582686	0.011098779134295227
0.9877913429522752	0.0011098779134295228	0.003329633740288568	0.00776914539400666
0.001	0.8393374028856826	0.005543840177580466	0.15411875693673696
0.01220865704772475	0.0011098779134295228	0.16870144284128746	0.8179800221975583
0.06770255271920089	0.8945615982241953	0.003329633740288568	0.03440621531631521
0.9655937846836848	0.025527192008879023	0.005549389567147614	0.003329633740288568
>dRTGACKYvd	ATF3.H14CORE.1.P.B	5.04933
0.23429710867397807	0.09970089730807577	0.5074775672981057	0.1585244267198405
0.29810568295114653	0.04885343968095713	0.6450648055832503	0.007976071784646061
0.011964107676969093	0.013958125623130608	0.01296111665004985	0.9611166500498505
0.003988035892323031	0.28215353938185445	0.7038883349950149	0.009970089730807577
0.8873379860418744	0.009970089730807577	0.08574277168494517	0.01694915254237288
0.01296111665004985	0.8235294117647058	0.00897308075772682	0.15453639082751744
0.03589232303090728	0.00897308075772682	0.7298105682951147	0.22532402791625125
0.04386839481555334	0.4037886340977069	0.007976071784646061	0.5443668993020937
0.45164506480558325	0.19541375872382852	0.3200398803589232	0.03290129611166501
0.5084745762711864	0.11465603190428714	0.24825523429710866	0.12861415752741776
>RRTGAYGYAAYh	ATF3.H14CORE.2.P.B	2.37862
0.172279792746114	0.06476683937823834	0.7292746113989638	0.03367875647668394
0.6917098445595855	0.04792746113989637	0.25906735751295334	0.0012953367875647669
0.001	0.001	0.001	0.997
0.001	0.0012927461139896374	0.9967072538860103	0.001
0.997	0.001	0.001	0.001
0.0012953367875647669	0.5181347150259067	0.010362694300518135	0.47020725388601037
0.0012953367875647669	0.0025906735751295338	0.8549222797927462	0.1411917098445596
0.05564378238341969	0.5072642487046632	0.001	0.4360919689119171
0.6431386010362694	0.3545673575129534	0.001	0.0012940414507772021
0.8911917098445595	0.038860103626943004	0.012953367875647668	0.05699481865284974
0.011658031088082901	0.4170984455958549	0.11658031088082901	0.45466321243523317
0.25906735751295334	0.41580310880829013	0.14507772020725387	0.1800518134715026
>nvbKATGACGTCAYn	ATF3.H14CORE.3.SM.B	0.09671
0.2946742957746479	0.2422975352112676	0.29731514084507044	0.1657130281690141
0.3518926056338028	0.2088468309859155	0.3417693661971831	0.0974911971830986
0.08450704225352113	0.24911971830985916	0.12808098591549297	0.5382922535211268
0.09286971830985916	0.032130281690140844	0.7592429577464789	0.11575704225352113
0.8455444542253521	0.012311619718309859	0.14114392605633802	0.001
0.001	0.0026355587268102007	0.001	0.994484159583049
0.001	0.001	0.9870184859154929	0.010981514084507042
0.997	0.001	0.001	0.001
0.001	0.8780803158155984	0.001	0.11903940249426072
0.16532731897995906	0.00659550474654092	0.8261968945833592	0.001
0.0013191015312482557	0.0021985025520804263	0.001	0.9950422550716009
0.11003521126760564	0.8794014084507042	0.005721830985915493	0.0048415492957746475
0.9757922535211268	0.0048415492957746475	0.014964788732394365	0.0044014084507042256
0.013974471830985916	0.33879841549295775	0.09011883802816902	0.5571082746478874
0.18430897887323944	0.3555237676056338	0.18474911971830985	0.2754181338028169
>dvMTGATGCAAYh	ATF4.H14CORE.0.P.B	0.98341
0.361	0.094	0.422	0.123
0.241	0.146	0.49	0.123
0.575	0.301	0.122	0.002
0.003996	0.002997	0.001	0.992007
0.002	0.009	0.982	0.007
0.976	0.005	0.01	0.009
0.003	0.069	0.012	0.916
0.002	0.005	0.992	0.001
0.107892	0.816183	0.001	0.07492499999999999
0.992007	0.004995	0.001	0.001998
0.996003	0.000999	0.001998	0.001
0.016	0.298	0.093	0.593
0.373	0.377	0.12	0.13
>nMTGAYGYAAYn	ATF4.H14CORE.1.S.B	4.05352
0.20347043701799486	0.26516709511568126	0.34331619537275065	0.18804627249357325
0.5241645244215938	0.30411311053984574	0.13290488431876607	0.038817480719794344
0.042159383033419026	0.0390745501285347	0.02930591259640103	0.8894601542416453
0.04524421593830334	0.032904884318766064	0.8663239074550129	0.055526992287917736
0.9455012853470437	0.02005141388174807	0.012853470437017995	0.021593830334190232
0.0020544976567541547	0.5403328837263427	0.001	0.4560984797994224
0.002056555269922879	0.0010282776349614395	0.9953727506426735	0.0015424164524421595
0.037532133676092545	0.7496143958868895	0.009254498714652956	0.20359897172236505
0.9177377892030848	0.032390745501285345	0.02673521850899743	0.02313624678663239
0.9017994858611825	0.021079691516709513	0.0416452442159383	0.03547557840616967
0.038560411311053984	0.2915167095115681	0.14035989717223651	0.5295629820051414
0.3556555269922879	0.2934447300771208	0.18341902313624678	0.16748071979434448
>nnRKMTGACGTCAThhn	ATF4.H14CORE.2.SM.B	-2.07639
0.2773390036452005	0.20484001620089104	0.23602673147023087	0.2817942486836776
0.3691778047792629	0.14641555285540706	0.14641555285540706	0.33799108950992307
0.24260834345889024	0.03402187120291616	0.551640340218712	0.17172944511948157
0.0749291211016606	0.02551640340218712	0.791413527744026	0.10814094775212636
0.627379505872823	0.32725799918995546	0.04414742810854597	0.001215066828675577
0.0032401782098015392	0.0032401782098015392	0.002430133657351154	0.9910895099230458
0.002430133657351154	0.0028351559335763467	0.9935196435803969	0.001215066828675577
0.9965949777237748	0.001	0.001	0.001
0.001	0.7203061968408263	0.001	0.27769380315917375
0.002425273390036452	0.001	0.9955747266099636	0.001
0.005664639257752369	0.002427702539036729	0.001	0.9905026359269857
0.004050222762251924	0.9923045767517213	0.001215066828675577	0.002430133657351154
0.9937391692659837	0.001	0.0024277015535813934	0.0020230846279844948
0.005265289590927501	0.00688537869582827	0.08140947752126367	0.9064398541919806
0.19805589307411908	0.5435398946942082	0.0959902794653706	0.16241393276630214
0.22752126366950182	0.3968205751316322	0.06551235317942487	0.3101458080194411
0.23815309842041313	0.22154718509518023	0.17739975698663427	0.3628999594977724
>nYGATGACGTCAYnn	ATF6A.H14CORE.0.SM.B	-2.4742900000000003
0.28858717844017967	0.21386280114332382	0.26694569211923236	0.23060432829726418
0.10085749285422621	0.1829318089015925	0.10616578195181707	0.6100449162923642
0.07390771743568804	0.03389138423846468	0.8566761943650469	0.035524703960800326
0.7692935892200898	0.06288280930992242	0.16537362188648427	0.002449979583503471
0.001	0.001	0.001	0.9957750102082482
0.001	0.001	0.997	0.001
0.997	0.001	0.001	0.001
0.001	0.997	0.001	0.001
0.001	0.001	0.997	0.001
0.001	0.001	0.001	0.997
0.008574928542262147	0.981625153123724	0.008574928542262147	0.0012249897917517355
0.9844834626378114	0.0012249897917517355	0.00898325847284606	0.005308289097590854
0.011841567986933442	0.453654552878726	0.0518579011841568	0.48264597795018377
0.20314414046549611	0.35014291547570436	0.23499387505104125	0.21171906900775828
0.21008574928542262	0.28317680685994284	0.21376071866067783	0.29297672519395673
>nbKRTGACGTSRYv	ATF6B.H14CORE.0.SM.B	0.70801
0.20543197102948785	0.2181583031557165	0.30382824624935334	0.2725814795654423
0.13931712364200724	0.14780134505949302	0.18639420589756855	0.5264873254009312
0.10222452146921883	0.09084324883600621	0.6949818934299017	0.11195033626487326
0.5589239524055871	0.07201241593378169	0.3591308846352819	0.009932747025349199
0.001	0.003824415228438033	0.0027907894910223488	0.9916605324766079
0.001	0.001757164664399792	0.9943484747956469	0.002687428310258505
0.996482669425763	0.001	0.001	0.001
0.001	0.9967930677703052	0.001	0.001
0.001	0.001	0.997	0.001
0.001	0.0014456282568700474	0.001	0.9964509056282826
0.02886704604242111	0.4157268494568029	0.5513709260217279	0.0040351784790481115
0.4258665287118469	0.007346094154164511	0.5054319710294879	0.06135540610450078
0.07061562338334196	0.6908949818934299	0.07320227625452665	0.1652871184687015
0.4901189860320745	0.18158303155716504	0.19358510087946199	0.1347128815312985
>RATGACGTCAY	ATF7.H14CORE.0.PSM.A	-0.63863
0.2996910401647786	0.06282183316168898	0.5932028836251287	0.044284243048403706
0.7847579814624099	0.0010298661174047373	0.2121524201853759	0.0020597322348094747
0.001	0.0010278063851699279	0.001	0.99697219361483
0.001	0.001	0.9918331616889804	0.006166838311019567
0.9938887744593202	0.001	0.0041112255406797115	0.001
0.0010298661174047373	0.8084449021627188	0.009268795056642637	0.18125643666323377
0.0010298661174047373	0.0010298661174047373	0.9948506694129763	0.003089598352214212
0.022634397528321318	0.009259526261585995	0.001	0.9671060762100927
0.1008259526261586	0.8961163748712667	0.002057672502574665	0.001
0.99697219361483	0.0010278063851699279	0.001	0.001
0.0020597322348094747	0.2708547888774459	0.05664263645726056	0.670442842430484
>vvvRRARRvdSMRRvvGRRRv	ATMIN.H14CORE.0.P.B	4.0923099999999994
0.181	0.173	0.58	0.066
0.184	0.26	0.503	0.053
0.308	0.194	0.443	0.055
0.248	0.032	0.71	0.01
0.276	0.093	0.585	0.046
0.826	0.082	0.048	0.044
0.286	0.035	0.664	0.015
0.402	0.082	0.496	0.02
0.419	0.15	0.332	0.099
0.235	0.138	0.472	0.155
0.038	0.294	0.656	0.012
0.113	0.76	0.084	0.043
0.233	0.053	0.595	0.119
0.127	0.074	0.783	0.016
0.299	0.238	0.44	0.023
0.22	0.21	0.484	0.086
0.128	0.053	0.793	0.026
0.306	0.189	0.5	0.005
0.749	0.026	0.199	0.026
0.359	0.074	0.557	0.01
0.362	0.114	0.476	0.048
>RRCAGMTGKb	ATOH1.H14CORE.0.P.B	2.8323
0.6453546453546454	0.011988011988011988	0.3246753246753247	0.017982017982017984
0.3842303846153846	0.10978010989010989	0.5039905044955045	0.001
0.001	0.997	0.001	0.001
0.996000999000999	0.001	0.001	0.001
0.001998001998001998	0.003996003996003996	0.9400599400599401	0.053946053946053944
0.4161664165834166	0.4520944525474525	0.12974012987012987	0.001
0.008973026973026973	0.001	0.001	0.989026973026973
0.001	0.001	0.996005994005994	0.001994005994005994
0.001998001998001998	0.13886113886113885	0.6153846153846154	0.24375624375624375
0.11688311688311688	0.3856143856143856	0.2517482517482518	0.24575424575424576
>nvbGMCATATGYYn	ATOH1.H14CORE.1.SM.B	0.46071000000000006
0.23890295358649788	0.30135021097046416	0.2706329113924051	0.1891139240506329
0.329662447257384	0.14924050632911393	0.3878902953586498	0.13320675105485233
0.0550210970464135	0.5120675105485232	0.16556962025316455	0.26734177215189875
0.37734373370712576	0.0016860756644643687	0.619801414257102	0.001
0.5539240506329114	0.4411814345991561	0.0030379746835443038	0.0018565400843881857
0.001	0.997	0.001	0.001
0.997	0.001	0.001	0.001
0.001	0.001	0.018359831223628692	0.9796401687763713
0.9772820253164557	0.020717974683544305	0.001	0.001
0.001	0.001	0.001	0.997
0.001	0.001	0.997	0.001
